001
002
003
004
007
008
010
011
012
013
014
015
018
020
021
022
023
024
028
005
006
016
017
025
026
029
030
031
032
035
034
033
019
009
036
037
038
039
041
048
047
044
042
040
046
045
043
053
019
009
027
049
050
051
052
054
055
056
057
058
059
060
061
062
063
064
065
066
067
068
069
070
071
072
073
074
075
076
077
079
080
078
085
089
091
092
093
094
095
096
097
098
099
100
101
102
103
104
105
106
081
082
083
084
086
088
087
090
107
108
109
110
111
112
113
114
116
117
118
119
120
121
123
115
122
124
125
127
126
128
129
130
131
132
133
134
135
136
137
138
139
140
141
142
143
144
145
146
147
